<?xml version="1.0" encoding="utf-8"?>
<COLLADA xmlns="http://www.collada.org/2005/11/COLLADASchema" version="1.4.1">
  <asset><contributor><author>Mixamo</author><authoring_tool>COLLADA Mixamo exporter</authoring_tool><comments></comments></contributor><created>2020-09-02T18:02:54Z</created><modified>2020-09-02T18:02:54Z</modified><revision></revision><title></title><unit meter="0.010000"/><up_axis>Y_UP</up_axis></asset>
  <library_animations>
    <animation id="Armature-anim" name="Armature"><source id="Armature-Matrix-animation-input"><float_array id="Armature-Matrix-animation-input-array" count="86">

0.000000 0.033333 0.066667 0.100000 0.133333 0.166667 0.200000 0.233333 0.266667 0.300000 0.333333 0.366667 0.400000 0.433333 0.466667 0.500000
0.533333 0.566667 0.600000 0.633333 0.666667 0.700000 0.733333 0.766667 0.800000 0.833333 0.866667 0.900000 0.933333 0.966667 1.000000 1.033333
1.066667 1.100000 1.133333 1.166667 1.200000 1.233333 1.266667 1.300000 1.333333 1.366667 1.400000 1.433333 1.466667 1.500000 1.533333 1.566667
1.600000 1.633333 1.666667 1.700000 1.733333 1.766667 1.800000 1.833333 1.866667 1.900000 1.933333 1.966667 2.000000 2.033333 2.066667 2.100000
2.133333 2.166667 2.200000 2.233333 2.266667 2.300000 2.333333 2.366667 2.400000 2.433333 2.466667 2.500000 2.533333 2.566667 2.600000 2.633333
2.666667 2.700000 2.733333 2.766667 2.800000 2.833333</float_array><technique_common><accessor source="#Armature-Matrix-animation-input-array" count="86"><param name="TIME" type="float"/></accessor></technique_common></source><source id="Armature-Matrix-animation-output-transform"><float_array id="Armature-Matrix-animation-output-transform-array" count="1376">

69.091388 71.345964 11.667625 -11.402008 -0.572243 -15.598968 98.774211 3.216652 72.291442 -68.311241 -10.369271 12.801433 0.000000 0.000000 0.000000 1.000000
69.371889 71.048925 11.814875 -11.785378 -0.392738 -16.030555 98.705963 3.289108 72.023515 -68.520593 -10.841662 12.933048 0.000000 0.000000 0.000000 1.000000
69.660919 70.750364 11.905563 -12.188913 -0.445011 -16.167846 98.683346 3.558205 71.743699 -68.796707 -10.947823 12.618172 0.000000 0.000000 0.000000 1.000000
69.968101 70.453087 11.867069 -12.527723 -0.725102 -15.908852 98.723769 4.017616 71.441858 -69.161195 -10.620265 11.776100 0.000000 0.000000 0.000000 1.000000
70.348984 70.102012 11.693089 -12.792090 -1.169011 -15.309196 98.814280 4.584122 71.060916 -69.651536 -9.950363 10.467224 0.000000 0.000000 0.000000 1.000000
70.796771 69.675100 11.541130 -13.120383 -1.748076 -14.607752 98.911869 5.116081 70.602843 -70.228157 -9.123843 8.865260 0.000000 0.000000 0.000000 1.000000
71.076369 69.408825 11.426496 -13.492443 -2.275127 -13.967141 98.993650 5.506706 70.306284 -70.621059 -8.348198 7.229328 0.000000 0.000000 0.000000 1.000000
71.242303 69.215049 11.567684 -14.082935 -2.836168 -13.630664 99.026063 5.733994 70.117690 -70.876526 -7.747744 5.693544 0.000000 0.000000 0.000000 1.000000
71.394326 68.989846 11.968765 -14.885550 -3.347692 -13.710572 98.999056 5.798752 69.940283 -71.080387 -7.479003 4.470707 0.000000 0.000000 0.000000 1.000000
71.587428 68.683526 12.562377 -15.826558 -3.775781 -14.157413 98.920732 5.693336 69.720754 -71.289136 -7.541588 3.631005 0.000000 0.000000 0.000000 1.000000
71.680265 68.463065 13.219244 -16.768372 -4.025095 -14.864020 98.807183 5.459930 69.611337 -71.357338 -7.898866 3.208746 0.000000 0.000000 0.000000 1.000000
71.438620 68.659025 13.507845 -17.327364 -3.804558 -15.464146 98.723784 5.185234 69.871660 -71.040823 -8.435200 3.214053 0.000000 0.000000 0.000000 1.000000
71.713565 68.257364 14.074686 -18.119423 -3.921037 -16.211610 98.599235 5.026833 69.582972 -71.260900 -8.949527 3.407201 0.000000 0.000000 0.000000 1.000000
72.531602 67.171446 15.071944 -19.289843 -4.442191 -17.281278 98.395246 5.088028 68.698134 -72.037173 -9.550504 3.909039 0.000000 0.000000 0.000000 1.000000
72.980633 66.592307 15.469058 -19.843466 -4.422476 -17.981049 98.270665 5.265976 68.222202 -72.402669 -10.177655 4.774866 0.000000 0.000000 0.000000 1.000000
73.447292 66.123112 15.271848 -19.745768 -4.020232 -18.224757 98.243045 5.452126 67.744616 -72.770821 -10.727288 5.777360 0.000000 0.000000 0.000000 1.000000
73.836642 65.760653 14.956162 -19.483875 -3.681674 -18.213419 98.258418 5.617256 67.339405 -73.101354 -11.027084 6.661304 0.000000 0.000000 0.000000 1.000000
73.920804 65.747579 14.593512 -19.143555 -3.454178 -17.939160 98.317115 5.717613 67.259077 -73.180888 -10.989733 7.239463 0.000000 0.000000 0.000000 1.000000
73.708674 66.066422 14.221790 -18.784199 -3.286612 -17.515132 98.399280 5.792358 67.499849 -72.996219 -10.738825 7.612505 0.000000 0.000000 0.000000 1.000000
73.442433 66.468989 13.714320 -18.248068 -2.877831 -17.138939 98.478296 5.896812 67.808016 -72.719532 -10.674389 8.169838 0.000000 0.000000 0.000000 1.000000
73.165632 66.885984 13.155056 -17.646671 -2.417302 -16.740258 98.559223 6.027023 68.124496 -72.429475 -10.631280 8.738002 0.000000 0.000000 0.000000 1.000000
72.858106 67.336416 12.550041 -17.011696 -2.071398 -16.147913 98.665872 6.122162 68.464631 -72.146046 -10.370258 9.058950 0.000000 0.000000 0.000000 1.000000
72.615615 67.733292 11.797184 -16.205116 -1.696321 -15.388523 98.794311 6.142815 68.732052 -71.940215 -10.025496 9.228919 0.000000 0.000000 0.000000 1.000000
72.445720 68.029780 11.116055 -15.434063 -1.368275 -14.703745 98.903628 6.128487 68.918397 -71.803544 -9.721399 9.350924 0.000000 0.000000 0.000000 1.000000
72.399744 68.144857 10.703063 -14.901051 -1.129889 -14.342504 98.959668 6.128731 68.971011 -71.767479 -9.613974 9.575520 0.000000 0.000000 0.000000 1.000000
72.619130 67.930519 10.578591 -14.642704 -1.013338 -14.327903 98.963045 6.143738 68.741800 -71.973299 -9.716432 9.923442 0.000000 0.000000 0.000000 1.000000
73.140056 67.358891 10.644808 -14.571665 -1.137704 -14.401990 98.950939 6.121872 68.185319 -72.493879 -9.767279 10.141902 0.000000 0.000000 0.000000 1.000000
73.753958 66.663454 10.785990 -14.602103 -1.493543 -14.357900 98.952615 6.035316 67.513872 -73.142564 -9.593872 10.065713 0.000000 0.000000 0.000000 1.000000
74.332169 65.987827 10.969748 -14.706182 -1.996818 -14.202706 98.966135 5.922112 66.863603 -73.782721 -9.239523 9.743478 0.000000 0.000000 0.000000 1.000000
74.809792 65.412522 11.166778 -14.838547 -2.545610 -13.986609 98.984315 5.818802 66.309991 -74.334223 -8.798206 9.291155 0.000000 0.000000 0.000000 1.000000
75.247407 64.898525 11.225379 -14.823555 -2.918979 -13.740860 99.008426 5.733604 65.797472 -74.828940 -8.445266 8.910220 0.000000 0.000000 0.000000 1.000000
75.548381 64.550591 11.209969 -14.724234 -3.200102 -13.453991 99.039131 5.665665 65.438532 -75.181190 -8.098588 8.553356 0.000000 0.000000 0.000000 1.000000
75.693788 64.380419 11.207678 -14.649190 -3.560489 -13.062074 99.079287 5.598450 65.251615 -75.395914 -7.594920 8.059001 0.000000 0.000000 0.000000 1.000000
76.120534 63.904904 11.037554 -14.390413 -3.842291 -12.545763 99.135466 5.522621 64.737170 -75.886541 -7.094489 7.586252 0.000000 0.000000 0.000000 1.000000
76.527957 63.440998 10.895485 -14.182077 -4.254827 -11.903886 99.197752 5.463142 64.229030 -76.377596 -6.410496 7.005998 0.000000 0.000000 0.000000 1.000000
76.629786 63.318669 10.891377 -14.170297 -4.695782 -11.386966 99.238534 5.444893 64.076716 -76.557711 -5.752501 6.498205 0.000000 0.000000 0.000000 1.000000
76.664248 63.284737 10.845975 -14.118814 -4.945313 -11.022015 99.267613 5.453285 64.016693 -76.639137 -5.320317 6.231735 0.000000 0.000000 0.000000 1.000000
76.674762 63.285166 10.768868 -14.019739 -5.034872 -10.795138 99.288041 5.461624 63.997116 -76.671068 -5.090819 6.166080 0.000000 0.000000 0.000000 1.000000
76.514471 63.492900 10.685853 -13.925846 -5.090242 -10.579422 99.308435 5.447166 64.184307 -76.529259 -4.862846 6.070831 0.000000 0.000000 0.000000 1.000000
76.268821 63.794626 10.644846 -13.889283 -5.224120 -10.328344 99.327911 5.411804 64.465305 -76.312326 -4.544599 5.854513 0.000000 0.000000 0.000000 1.000000
75.993378 64.104998 10.749685 -14.037794 -5.468583 -10.173896 99.330692 5.377541 64.769600 -76.072604 -4.225852 5.616527 0.000000 0.000000 0.000000 1.000000
75.785613 64.330068 10.871209 -14.251318 -5.570651 -10.221574 99.320125 5.370560 65.003913 -75.875963 -4.162879 5.631466 0.000000 0.000000 0.000000 1.000000
75.602229 64.530249 10.961292 -14.461959 -5.591708 -10.317786 99.308993 5.376160 65.215303 -75.692736 -4.192133 5.745181 0.000000 0.000000 0.000000 1.000000
75.375622 64.772044 11.094951 -14.727105 -5.692625 -10.384155 99.296341 5.381638 65.468387 -75.476829 -4.139892 5.777729 0.000000 0.000000 0.000000 1.000000
75.257734 64.887670 11.218901 -14.980837 -5.794674 -10.445186 99.284036 5.384041 65.594933 -75.369014 -4.100781 5.806885 0.000000 0.000000 0.000000 1.000000
75.225985 64.901122 11.353211 -15.243177 -5.926598 -10.496107 99.270878 5.376869 65.619559 -75.350355 -4.049371 5.809207 0.000000 0.000000 0.000000 1.000000
75.130700 64.982541 11.517263 -15.545011 -6.046773 -10.600074 99.252582 5.380905 65.717687 -75.265582 -4.034563 5.857359 0.000000 0.000000 0.000000 1.000000
74.975372 65.138876 11.645617 -15.818460 -6.037205 -10.792046 99.232474 5.408539 65.895719 -75.102986 -4.158809 6.057003 0.000000 0.000000 0.000000 1.000000
74.855791 65.269441 11.683772 -15.998024 -5.897232 -10.997526 99.218330 5.423218 66.044176 -74.959686 -4.383195 6.349521 0.000000 0.000000 0.000000 1.000000
74.684550 65.463211 11.695556 -16.141655 -5.659496 -11.266564 99.201989 5.429016 66.258494 -74.750469 -4.709494 6.740085 0.000000 0.000000 0.000000 1.000000
74.512896 65.652941 11.726878 -16.292381 -5.335841 -11.658576 99.174626 5.441635 66.478245 -74.523614 -5.184006 7.268582 0.000000 0.000000 0.000000 1.000000
74.355701 65.822645 11.773239 -16.464279 -4.966559 -12.121763 99.138268 5.454979 66.682554 -74.299679 -5.744101 7.862957 0.000000 0.000000 0.000000 1.000000
74.136221 66.059229 11.832122 -16.649485 -4.541216 -12.652347 99.092358 5.468094 66.956689 -74.000652 -6.380080 8.520608 0.000000 0.000000 0.000000 1.000000
73.904674 66.307334 11.892716 -16.821238 -4.068567 -13.228409 99.037649 5.483093 67.242442 -73.677315 -7.078654 9.225441 0.000000 0.000000 0.000000 1.000000
73.717839 66.516621 11.883573 -16.913830 -3.503649 -13.800586 98.981151 5.504227 67.478920 -73.383125 -7.842985 9.971378 0.000000 0.000000 0.000000 1.000000
73.489183 66.761799 11.924858 -17.058939 -2.959212 -14.410067 98.912047 5.528709 67.753842 -73.042537 -8.614217 10.702227 0.000000 0.000000 0.000000 1.000000
73.227865 67.022838 12.067270 -17.306843 -2.554700 -15.003746 98.835020 5.559944 68.052578 -72.683057 -9.274690 11.286100 0.000000 0.000000 0.000000 1.000000
72.972741 67.279074 12.186275 -17.540119 -2.060154 -15.651403 98.746085 5.621429 68.342775 -72.308781 -10.035205 11.930549 0.000000 0.000000 0.000000 1.000000
72.682060 67.576018 12.280062 -17.772219 -1.413670 -16.403733 98.635283 5.728973 68.668185 -71.863756 -10.967269 12.720601 0.000000 0.000000 0.000000 1.000000
72.426654 67.836649 12.351877 -17.979261 -0.864211 -17.019247 98.537294 5.850876 68.946595 -71.474012 -11.740220 13.307728 0.000000 0.000000 0.000000 1.000000
72.227889 68.044917 12.370178 -18.122978 -0.394279 -17.480851 98.459456 5.996613 69.159068 -71.163959 -12.357763 13.684320 0.000000 0.000000 0.000000 1.000000
72.123833 68.143623 12.433804 -18.315693 -0.038391 -17.910777 98.382939 6.208702 69.268689 -70.962319 -12.891777 13.911257 0.000000 0.000000 0.000000 1.000000
72.197175 68.056388 12.485830 -18.494637 0.046939 -18.093296 98.349532 6.446625 69.192237 -70.999723 -13.094793 13.715193 0.000000 0.000000 0.000000 1.000000
72.512981 67.731334 12.423122 -18.537962 -0.038046 -18.001402 98.366397 6.665604 68.861209 -71.333134 -13.027584 13.168970 0.000000 0.000000 0.000000 1.000000
73.078603 67.140447 12.315769 -18.491596 -0.313836 -17.711600 98.418498 6.842628 68.259939 -71.961515 -12.732679 12.350077 0.000000 0.000000 0.000000 1.000000
73.713939 66.473660 12.145273 -18.339935 -0.696531 -17.224873 98.502886 6.961906 67.570482 -72.694953 -12.234123 11.346391 0.000000 0.000000 0.000000 1.000000
74.129859 66.026188 12.054317 -18.230001 -1.136789 -16.722292 98.585357 7.014839 67.107911 -73.218218 -11.645633 10.337294 0.000000 0.000000 0.000000 1.000000
74.236685 65.891099 12.135802 -18.238749 -1.578378 -16.388336 98.635344 7.008751 66.980768 -73.415159 -11.126147 9.484071 0.000000 0.000000 0.000000 1.000000
74.101013 66.015877 12.285923 -18.251287 -1.900982 -16.226701 98.656376 6.932564 67.122471 -73.338927 -10.769199 8.869677 0.000000 0.000000 0.000000 1.000000
73.726971 66.405360 12.436310 -18.193348 -2.029040 -16.223116 98.654414 6.774300 67.529376 -72.987250 -10.613421 8.563116 0.000000 0.000000 0.000000 1.000000
73.234974 66.912916 12.621421 -18.117580 -2.058724 -16.351303 98.632634 6.556465 68.061739 -72.493424 -10.597321 8.525322 0.000000 0.000000 0.000000 1.000000
72.892292 67.249506 12.814749 -17.992325 -2.152925 -16.457643 98.612935 6.279831 68.425717 -72.157120 -10.548522 8.570866 0.000000 0.000000 0.000000 1.000000
72.665939 67.469945 12.940939 -17.730690 -2.300346 -16.436787 98.613085 5.985008 68.661268 -71.955810 -10.391903 8.623060 0.000000 0.000000 0.000000 1.000000
72.415660 67.723152 13.021018 -17.372143 -2.489069 -16.302057 98.630865 5.765732 68.918624 -71.748294 -10.119566 8.690225 0.000000 0.000000 0.000000 1.000000
72.090462 68.064632 13.044963 -16.911638 -2.670509 -16.080742 98.662445 5.681335 69.251957 -71.474580 -9.775009 8.832967 0.000000 0.000000 0.000000 1.000000
71.661297 68.548727 12.873635 -16.197412 -2.778482 -15.637252 98.730727 5.706421 69.691739 -71.109411 -9.301244 8.954562 0.000000 0.000000 0.000000 1.000000
71.120743 69.204417 12.352676 -15.059712 -2.803644 -14.765525 98.864143 5.731949 70.242291 -70.659238 -8.561106 8.834802 0.000000 0.000000 0.000000 1.000000
70.504894 69.965345 11.571966 -13.608621 -2.768779 -13.589601 99.033614 5.708435 70.861793 -70.143946 -7.644148 8.497890 0.000000 0.000000 0.000000 1.000000
69.971961 70.621087 10.797535 -12.154816 -2.688735 -12.499883 99.179250 5.622437 71.391143 -69.687983 -6.847599 8.241815 0.000000 0.000000 0.000000 1.000000
69.599012 71.060553 10.313839 -11.056209 -2.651470 -11.810498 99.264706 5.415108 71.756165 -69.360723 -6.335841 8.215096 0.000000 0.000000 0.000000 1.000000
69.371742 71.287688 10.277499 -10.535355 -2.635002 -11.747879 99.272575 5.084885 71.976512 -69.137926 -6.271276 8.524984 0.000000 0.000000 0.000000 1.000000
69.224675 71.385918 10.582775 -10.496409 -2.442527 -12.338426 99.205833 4.646309 72.124742 -68.933403 -6.797615 9.313983 0.000000 0.000000 0.000000 1.000000
69.042477 71.504951 10.962589 -10.666495 -2.014166 -13.248153 99.098081 4.145714 72.312374 -68.640575 -7.706624 10.381291 0.000000 0.000000 0.000000 1.000000
68.877211 71.613267 11.290255 -10.891339 -1.528159 -14.135651 98.984080 3.692245 72.481684 -68.350007 -8.641878 11.361136 0.000000 0.000000 0.000000 1.000000
68.922837 71.534339 11.510030 -11.124432 -0.986192 -14.958211 98.870012 3.351524 72.447705 -68.257529 -9.604157 12.245428 0.000000 0.000000 0.000000 1.000000
69.091369 71.345981 11.667637 -11.402003 -0.572249 -15.598975 98.774210 3.216743 72.291460 -68.311222 -10.369268 12.801416 0.000000 0.000000 0.000000 1.000000</float_array><technique_common><accessor source="#Armature-Matrix-animation-output-transform-array" count="86" stride="16"><param type="float4x4"/></accessor></technique_common></source><source id="Armature-Interpolations"><Name_array id="Armature-Interpolations-array" count="86">
 LINEAR LINEAR LINEAR LINEAR LINEAR LINEAR LINEAR LINEAR LINEAR LINEAR LINEAR
LINEAR LINEAR LINEAR LINEAR LINEAR LINEAR LINEAR LINEAR LINEAR LINEAR LINEAR LINEAR
LINEAR LINEAR LINEAR LINEAR LINEAR LINEAR LINEAR LINEAR LINEAR LINEAR LINEAR LINEAR
LINEAR LINEAR LINEAR LINEAR LINEAR LINEAR LINEAR LINEAR LINEAR LINEAR LINEAR LINEAR
LINEAR LINEAR LINEAR LINEAR LINEAR LINEAR LINEAR LINEAR LINEAR LINEAR LINEAR LINEAR
LINEAR LINEAR LINEAR LINEAR LINEAR LINEAR LINEAR LINEAR LINEAR LINEAR LINEAR LINEAR
LINEAR LINEAR LINEAR LINEAR LINEAR LINEAR LINEAR LINEAR LINEAR LINEAR LINEAR LINEAR
LINEAR LINEAR LINEAR</Name_array><technique_common><accessor source="#Armature-Interpolations-array" count="86"><param type="name"/></accessor></technique_common></source><sampler id="Armature-Matrix-animation-transform"><input semantic="INPUT" source="#Armature-Matrix-animation-input"/><input semantic="OUTPUT" source="#Armature-Matrix-animation-output-transform"/><input semantic="INTERPOLATION" source="#Armature-Interpolations"/></sampler><channel source="#Armature-Matrix-animation-transform" target="Armature/matrix"/></animation>
    <animation id="Hips-anim" name="Hips"><source id="Hips-Matrix-animation-input"><float_array id="Hips-Matrix-animation-input-array" count="86">

0.000000 0.033333 0.066667 0.100000 0.133333 0.166667 0.200000 0.233333 0.266667 0.300000 0.333333 0.366667 0.400000 0.433333 0.466667 0.500000
0.533333 0.566667 0.600000 0.633333 0.666667 0.700000 0.733333 0.766667 0.800000 0.833333 0.866667 0.900000 0.933333 0.966667 1.000000 1.033333
1.066667 1.100000 1.133333 1.166667 1.200000 1.233333 1.266667 1.300000 1.333333 1.366667 1.400000 1.433333 1.466667 1.500000 1.533333 1.566667
1.600000 1.633333 1.666667 1.700000 1.733333 1.766667 1.800000 1.833333 1.866667 1.900000 1.933333 1.966667 2.000000 2.033333 2.066667 2.100000
2.133333 2.166667 2.200000 2.233333 2.266667 2.300000 2.333333 2.366667 2.400000 2.433333 2.466667 2.500000 2.533333 2.566667 2.600000 2.633333
2.666667 2.700000 2.733333 2.766667 2.800000 2.833333</float_array><technique_common><accessor source="#Hips-Matrix-animation-input-array" count="86"><param name="TIME" type="float"/></accessor></technique_common></source><source id="Hips-Matrix-animation-output-transform"><float_array id="Hips-Matrix-animation-output-transform-array" count="1376">

1.000000 0.000000 0.000000 0.000000 0.000000 1.000000 0.000000 0.005100 0.000000 0.000000 1.000000 0.924800 0.000000 0.000000 0.000000 1.000000
1.000000 -0.000000 0.000000 0.000000 0.000000 1.000000 0.000000 0.005100 0.000000 -0.000000 1.000000 0.924800 0.000000 0.000000 0.000000 1.000000
1.000000 0.000000 0.000000 0.000000 0.000000 1.000000 -0.000000 0.005100 0.000000 -0.000000 1.000000 0.924800 0.000000 0.000000 0.000000 1.000000
1.000000 -0.000000 -0.000000 -0.000000 0.000000 1.000000 0.000000 0.005100 -0.000000 -0.000000 1.000000 0.924800 0.000000 0.000000 0.000000 1.000000
1.000000 -0.000000 0.000000 0.000000 0.000000 1.000000 0.000000 0.005100 0.000000 0.000000 1.000000 0.924800 0.000000 0.000000 0.000000 1.000000
1.000000 -0.000000 -0.000000 0.000000 0.000000 1.000000 -0.000000 0.005100 -0.000000 -0.000000 1.000000 0.924800 0.000000 0.000000 0.000000 1.000000
1.000000 0.000000 0.000000 0.000000 -0.000000 1.000000 -0.000000 0.005100 0.000000 0.000000 1.000000 0.924800 0.000000 0.000000 0.000000 1.000000
1.000000 -0.000000 -0.000000 0.000000 -0.000000 1.000000 -0.000000 0.005100 0.000000 0.000000 1.000000 0.924800 0.000000 0.000000 0.000000 1.000000
1.000000 -0.000000 -0.000000 -0.000000 0.000000 1.000000 0.000000 0.005100 0.000000 0.000000 1.000000 0.924800 0.000000 0.000000 0.000000 1.000000
1.000000 0.000000 0.000000 0.000000 0.000000 1.000000 -0.000000 0.005100 0.000000 -0.000000 1.000000 0.924800 0.000000 0.000000 0.000000 1.000000
1.000000 -0.000000 0.000000 0.000000 0.000000 1.000000 0.000000 0.005100 0.000000 0.000000 1.000000 0.924800 0.000000 0.000000 0.000000 1.000000
1.000000 0.000000 -0.000000 0.000000 0.000000 1.000000 0.000000 0.005100 0.000000 0.000000 1.000000 0.924800 0.000000 0.000000 0.000000 1.000000
1.000000 0.000000 0.000000 0.000000 -0.000000 1.000000 -0.000000 0.005100 0.000000 0.000000 1.000000 0.924800 0.000000 0.000000 0.000000 1.000000
1.000000 0.000000 0.000000 0.000000 -0.000000 1.000000 -0.000000 0.005100 -0.000000 0.000000 1.000000 0.924800 0.000000 0.000000 0.000000 1.000000
1.000000 -0.000000 -0.000000 -0.000000 0.000000 1.000000 0.000000 0.005100 0.000000 0.000000 1.000000 0.924800 0.000000 0.000000 0.000000 1.000000
1.000000 0.000000 0.000000 0.000000 0.000000 1.000000 0.000000 0.005100 -0.000000 -0.000000 1.000000 0.924800 0.000000 0.000000 0.000000 1.000000
1.000000 0.000000 -0.000000 0.000000 -0.000000 1.000000 -0.000000 0.005100 -0.000000 -0.000000 1.000000 0.924800 0.000000 0.000000 0.000000 1.000000
1.000000 -0.000000 -0.000000 -0.000000 0.000000 1.000000 -0.000000 0.005100 0.000000 0.000000 1.000000 0.924800 0.000000 0.000000 0.000000 1.000000
1.000000 0.000000 0.000000 -0.000000 0.000000 1.000000 -0.000000 0.005100 0.000000 0.000000 1.000000 0.924800 0.000000 0.000000 0.000000 1.000000
1.000000 0.000000 -0.000000 -0.000000 0.000000 1.000000 -0.000000 0.005100 0.000000 -0.000000 1.000000 0.924800 0.000000 0.000000 0.000000 1.000000
1.000000 0.000000 -0.000000 -0.000000 0.000000 1.000000 0.000000 0.005100 -0.000000 -0.000000 1.000000 0.924800 0.000000 0.000000 0.000000 1.000000
1.000000 0.000000 0.000000 0.000000 0.000000 1.000000 0.000000 0.005100 0.000000 -0.000000 1.000000 0.924800 0.000000 0.000000 0.000000 1.000000
1.000000 -0.000000 0.000000 -0.000000 0.000000 1.000000 -0.000000 0.005100 0.000000 0.000000 1.000000 0.924800 0.000000 0.000000 0.000000 1.000000
1.000000 0.000000 0.000000 -0.000000 0.000000 1.000000 -0.000000 0.005100 0.000000 0.000000 1.000000 0.924800 0.000000 0.000000 0.000000 1.000000
1.000000 0.000000 0.000000 0.000000 -0.000000 1.000000 -0.000000 0.005100 -0.000000 -0.000000 1.000000 0.924800 0.000000 0.000000 0.000000 1.000000
1.000000 0.000000 0.000000 -0.000000 0.000000 1.000000 0.000000 0.005100 -0.000000 0.000000 1.000000 0.924800 0.000000 0.000000 0.000000 1.000000
1.000000 -0.000000 0.000000 0.000000 0.000000 1.000000 -0.000000 0.005100 -0.000000 0.000000 1.000000 0.924800 0.000000 0.000000 0.000000 1.000000
1.000000 -0.000000 0.000000 -0.000000 0.000000 1.000000 0.000000 0.005100 0.000000 0.000000 1.000000 0.924800 0.000000 0.000000 0.000000 1.000000
1.000000 -0.000000 -0.000000 -0.000000 0.000000 1.000000 -0.000000 0.005100 0.000000 -0.000000 1.000000 0.924800 0.000000 0.000000 0.000000 1.000000
1.000000 0.000000 -0.000000 -0.000000 -0.000000 1.000000 -0.000000 0.005100 -0.000000 -0.000000 1.000000 0.924800 0.000000 0.000000 0.000000 1.000000
1.000000 0.000000 -0.000000 -0.000000 0.000000 1.000000 0.000000 0.005100 0.000000 0.000000 1.000000 0.924800 0.000000 0.000000 0.000000 1.000000
1.000000 0.000000 -0.000000 0.000000 0.000000 1.000000 -0.000000 0.005100 -0.000000 -0.000000 1.000000 0.924800 0.000000 0.000000 0.000000 1.000000
1.000000 -0.000000 0.000000 -0.000000 -0.000000 1.000000 -0.000000 0.005100 -0.000000 0.000000 1.000000 0.924800 0.000000 0.000000 0.000000 1.000000
1.000000 0.000000 -0.000000 0.000000 0.000000 1.000000 0.000000 0.005100 -0.000000 0.000000 1.000000 0.924800 0.000000 0.000000 0.000000 1.000000
1.000000 -0.000000 -0.000000 0.000000 0.000000 1.000000 0.000000 0.005100 -0.000000 0.000000 1.000000 0.924800 0.000000 0.000000 0.000000 1.000000
1.000000 0.000000 -0.000000 0.000000 0.000000 1.000000 0.000000 0.005100 -0.000000 -0.000000 1.000000 0.924800 0.000000 0.000000 0.000000 1.000000
1.000000 -0.000000 0.000000 -0.000000 -0.000000 1.000000 -0.000000 0.005100 0.000000 -0.000000 1.000000 0.924800 0.000000 0.000000 0.000000 1.000000
1.000000 0.000000 0.000000 -0.000000 0.000000 1.000000 0.000000 0.005100 -0.000000 -0.000000 1.000000 0.924800 0.000000 0.000000 0.000000 1.000000
1.000000 0.000000 -0.000000 0.000000 -0.000000 1.000000 -0.000000 0.005100 0.000000 0.000000 1.000000 0.924800 0.000000 0.000000 0.000000 1.000000
1.000000 -0.000000 -0.000000 -0.000000 0.000000 1.000000 0.000000 0.005100 -0.000000 -0.000000 1.000000 0.924800 0.000000 0.000000 0.000000 1.000000
1.000000 0.000000 -0.000000 -0.000000 -0.000000 1.000000 0.000000 0.005100 0.000000 0.000000 1.000000 0.924800 0.000000 0.000000 0.000000 1.000000
1.000000 0.000000 -0.000000 0.000000 0.000000 1.000000 0.000000 0.005100 0.000000 -0.000000 1.000000 0.924800 0.000000 0.000000 0.000000 1.000000
1.000000 0.000000 -0.000000 0.000000 0.000000 1.000000 0.000000 0.005100 -0.000000 -0.000000 1.000000 0.924800 0.000000 0.000000 0.000000 1.000000
1.000000 -0.000000 0.000000 0.000000 -0.000000 1.000000 0.000000 0.005100 -0.000000 -0.000000 1.000000 0.924800 0.000000 0.000000 0.000000 1.000000
1.000000 -0.000000 -0.000000 -0.000000 0.000000 1.000000 -0.000000 0.005100 0.000000 0.000000 1.000000 0.924800 0.000000 0.000000 0.000000 1.000000
1.000000 -0.000000 -0.000000 0.000000 0.000000 1.000000 0.000000 0.005100 -0.000000 -0.000000 1.000000 0.924800 0.000000 0.000000 0.000000 1.000000
1.000000 0.000000 0.000000 -0.000000 -0.000000 1.000000 -0.000000 0.005100 0.000000 0.000000 1.000000 0.924800 0.000000 0.000000 0.000000 1.000000
1.000000 -0.000000 -0.000000 -0.000000 0.000000 1.000000 0.000000 0.005100 -0.000000 0.000000 1.000000 0.924800 0.000000 0.000000 0.000000 1.000000
1.000000 0.000000 -0.000000 -0.000000 -0.000000 1.000000 0.000000 0.005100 -0.000000 -0.000000 1.000000 0.924800 0.000000 0.000000 0.000000 1.000000
1.000000 0.000000 0.000000 0.000000 0.000000 1.000000 0.000000 0.005100 -0.000000 -0.000000 1.000000 0.924800 0.000000 0.000000 0.000000 1.000000
1.000000 0.000000 -0.000000 -0.000000 0.000000 1.000000 0.000000 0.005100 -0.000000 -0.000000 1.000000 0.924800 0.000000 0.000000 0.000000 1.000000
1.000000 -0.000000 -0.000000 0.000000 0.000000 1.000000 0.000000 0.005100 0.000000 0.000000 1.000000 0.924800 0.000000 0.000000 0.000000 1.000000
1.000000 0.000000 -0.000000 -0.000000 -0.000000 1.000000 0.000000 0.005100 -0.000000 -0.000000 1.000000 0.924800 0.000000 0.000000 0.000000 1.000000
1.000000 -0.000000 -0.000000 -0.000000 0.000000 1.000000 -0.000000 0.005100 0.000000 0.000000 1.000000 0.924800 0.000000 0.000000 0.000000 1.000000
1.000000 0.000000 0.000000 0.000000 -0.000000 1.000000 0.000000 0.005100 0.000000 0.000000 1.000000 0.924800 0.000000 0.000000 0.000000 1.000000
1.000000 0.000000 0.000000 -0.000000 0.000000 1.000000 0.000000 0.005100 0.000000 0.000000 1.000000 0.924800 0.000000 0.000000 0.000000 1.000000
1.000000 -0.000000 0.000000 0.000000 0.000000 1.000000 -0.000000 0.005100 0.000000 0.000000 1.000000 0.924800 0.000000 0.000000 0.000000 1.000000
1.000000 0.000000 0.000000 -0.000000 0.000000 1.000000 -0.000000 0.005100 0.000000 -0.000000 1.000000 0.924800 0.000000 0.000000 0.000000 1.000000
1.000000 -0.000000 0.000000 -0.000000 0.000000 1.000000 0.000000 0.005100 0.000000 -0.000000 1.000000 0.924800 0.000000 0.000000 0.000000 1.000000
1.000000 0.000000 0.000000 -0.000000 -0.000000 1.000000 0.000000 0.005100 0.000000 -0.000000 1.000000 0.924800 0.000000 0.000000 0.000000 1.000000
1.000000 0.000000 0.000000 0.000000 -0.000000 1.000000 -0.000000 0.005100 -0.000000 0.000000 1.000000 0.924800 0.000000 0.000000 0.000000 1.000000
1.000000 0.000000 0.000000 0.000000 0.000000 1.000000 0.000000 0.005100 0.000000 0.000000 1.000000 0.924800 0.000000 0.000000 0.000000 1.000000
1.000000 -0.000000 0.000000 0.000000 0.000000 1.000000 -0.000000 0.005100 -0.000000 -0.000000 1.000000 0.924800 0.000000 0.000000 0.000000 1.000000
1.000000 0.000000 -0.000000 -0.000000 -0.000000 1.000000 -0.000000 0.005100 -0.000000 -0.000000 1.000000 0.924800 0.000000 0.000000 0.000000 1.000000
1.000000 0.000000 0.000000 0.000000 -0.000000 1.000000 0.000000 0.005100 0.000000 -0.000000 1.000000 0.924800 0.000000 0.000000 0.000000 1.000000
1.000000 -0.000000 -0.000000 -0.000000 0.000000 1.000000 0.000000 0.005100 0.000000 0.000000 1.000000 0.924800 0.000000 0.000000 0.000000 1.000000
1.000000 -0.000000 -0.000000 -0.000000 0.000000 1.000000 -0.000000 0.005100 -0.000000 0.000000 1.000000 0.924800 0.000000 0.000000 0.000000 1.000000
1.000000 0.000000 -0.000000 0.000000 -0.000000 1.000000 -0.000000 0.005100 0.000000 -0.000000 1.000000 0.924800 0.000000 0.000000 0.000000 1.000000
1.000000 0.000000 0.000000 -0.000000 0.000000 1.000000 -0.000000 0.005100 0.000000 0.000000 1.000000 0.924800 0.000000 0.000000 0.000000 1.000000
1.000000 0.000000 -0.000000 -0.000000 0.000000 1.000000 0.000000 0.005100 -0.000000 0.000000 1.000000 0.924800 0.000000 0.000000 0.000000 1.000000
1.000000 0.000000 -0.000000 -0.000000 -0.000000 1.000000 0.000000 0.005100 -0.000000 -0.000000 1.000000 0.924800 0.000000 0.000000 0.000000 1.000000
1.000000 -0.000000 -0.000000 -0.000000 0.000000 1.000000 0.000000 0.005100 0.000000 0.000000 1.000000 0.924800 0.000000 0.000000 0.000000 1.000000
1.000000 -0.000000 0.000000 0.000000 0.000000 1.000000 -0.000000 0.005100 0.000000 -0.000000 1.000000 0.924800 0.000000 0.000000 0.000000 1.000000
1.000000 0.000000 0.000000 0.000000 -0.000000 1.000000 -0.000000 0.005100 0.000000 -0.000000 1.000000 0.924800 0.000000 0.000000 0.000000 1.000000
1.000000 0.000000 0.000000 0.000000 -0.000000 1.000000 0.000000 0.005100 -0.000000 -0.000000 1.000000 0.924800 0.000000 0.000000 0.000000 1.000000
1.000000 0.000000 -0.000000 0.000000 -0.000000 1.000000 -0.000000 0.005100 0.000000 0.000000 1.000000 0.924800 0.000000 0.000000 0.000000 1.000000
1.000000 -0.000000 -0.000000 -0.000000 -0.000000 1.000000 0.000000 0.005100 -0.000000 0.000000 1.000000 0.924800 0.000000 0.000000 0.000000 1.000000
1.000000 -0.000000 -0.000000 0.000000 0.000000 1.000000 0.000000 0.005100 -0.000000 0.000000 1.000000 0.924800 0.000000 0.000000 0.000000 1.000000
1.000000 -0.000000 -0.000000 0.000000 0.000000 1.000000 -0.000000 0.005100 0.000000 0.000000 1.000000 0.924800 0.000000 0.000000 0.000000 1.000000
1.000000 0.000000 0.000000 -0.000000 0.000000 1.000000 -0.000000 0.005100 0.000000 0.000000 1.000000 0.924800 0.000000 0.000000 0.000000 1.000000
1.000000 0.000000 -0.000000 0.000000 0.000000 1.000000 0.000000 0.005100 0.000000 0.000000 1.000000 0.924800 0.000000 0.000000 0.000000 1.000000
1.000000 -0.000000 -0.000000 -0.000000 0.000000 1.000000 -0.000000 0.005100 0.000000 0.000000 1.000000 0.924800 0.000000 0.000000 0.000000 1.000000
1.000000 0.000000 0.000000 0.000000 0.000000 1.000000 0.000000 0.005100 0.000000 0.000000 1.000000 0.924800 0.000000 0.000000 0.000000 1.000000
1.000000 0.000000 0.000000 0.000000 -0.000000 1.000000 -0.000000 0.005100 0.000000 -0.000000 1.000000 0.924800 0.000000 0.000000 0.000000 1.000000
1.000000 0.000000 0.000000 0.000000 -0.000000 1.000000 0.000000 0.005100 0.000000 -0.000000 1.000000 0.924800 0.000000 0.000000 0.000000 1.000000
1.000000 0.000000 0.000000 0.000000 0.000000 1.000000 0.000000 0.005100 0.000000 0.000000 1.000000 0.924800 0.000000 0.000000 0.000000 1.000000</float_array><technique_common><accessor source="#Hips-Matrix-animation-output-transform-array" count="86" stride="16"><param type="float4x4"/></accessor></technique_common></source><source id="Hips-Interpolations"><Name_array id="Hips-Interpolations-array" count="86">
 LINEAR LINEAR LINEAR LINEAR LINEAR LINEAR LINEAR LINEAR LINEAR LINEAR LINEAR
LINEAR LINEAR LINEAR LINEAR LINEAR LINEAR LINEAR LINEAR LINEAR LINEAR LINEAR LINEAR
LINEAR LINEAR LINEAR LINEAR LINEAR LINEAR LINEAR LINEAR LINEAR LINEAR LINEAR LINEAR
LINEAR LINEAR LINEAR LINEAR LINEAR LINEAR LINEAR LINEAR LINEAR LINEAR LINEAR LINEAR
LINEAR LINEAR LINEAR LINEAR LINEAR LINEAR LINEAR LINEAR LINEAR LINEAR LINEAR LINEAR
LINEAR LINEAR LINEAR LINEAR LINEAR LINEAR LINEAR LINEAR LINEAR LINEAR LINEAR LINEAR
LINEAR LINEAR LINEAR LINEAR LINEAR LINEAR LINEAR LINEAR LINEAR LINEAR LINEAR LINEAR
LINEAR LINEAR LINEAR</Name_array><technique_common><accessor source="#Hips-Interpolations-array" count="86"><param type="name"/></accessor></technique_common></source><sampler id="Hips-Matrix-animation-transform"><input semantic="INPUT" source="#Hips-Matrix-animation-input"/><input semantic="OUTPUT" source="#Hips-Matrix-animation-output-transform"/><input semantic="INTERPOLATION" source="#Hips-Interpolations"/></sampler><channel source="#Hips-Matrix-animation-transform" target="Hips/matrix"/></animation>
    <animation id="Spine-anim" name="Spine"><source id="Spine-Matrix-animation-input"><float_array id="Spine-Matrix-animation-input-array" count="86">

0.000000 0.033333 0.066667 0.100000 0.133333 0.166667 0.200000 0.233333 0.266667 0.300000 0.333333 0.366667 0.400000 0.433333 0.466667 0.500000
0.533333 0.566667 0.600000 0.633333 0.666667 0.700000 0.733333 0.766667 0.800000 0.833333 0.866667 0.900000 0.933333 0.966667 1.000000 1.033333
1.066667 1.100000 1.133333 1.166667 1.200000 1.233333 1.266667 1.300000 1.333333 1.366667 1.400000 1.433333 1.466667 1.500000 1.533333 1.566667
1.600000 1.633333 1.666667 1.700000 1.733333 1.766667 1.800000 1.833333 1.866667 1.900000 1.933333 1.966667 2.000000 2.033333 2.066667 2.100000
2.133333 2.166667 2.200000 2.233333 2.266667 2.300000 2.333333 2.366667 2.400000 2.433333 2.466667 2.500000 2.533333 2.566667 2.600000 2.633333
2.666667 2.700000 2.733333 2.766667 2.800000 2.833333</float_array><technique_common><accessor source="#Spine-Matrix-animation-input-array" count="86"><param name="TIME" type="float"/></accessor></technique_common></source><source id="Spine-Matrix-animation-output-transform"><float_array id="Spine-Matrix-animation-output-transform-array" count="1376">

0.999392 0.020070 0.028504 0.000000 0.029143 -0.032300 -0.999053 -0.003500 -0.019130 0.999277 -0.032865 0.118900 0.000000 0.000000 0.000000 1.000000
0.999428 0.019250 0.027813 -0.000000 0.028438 -0.033015 -0.999050 -0.003500 -0.018313 0.999269 -0.033543 0.118900 0.000000 0.000000 0.000000 1.000000
0.999462 0.017992 0.027411 0.000000 0.027976 -0.031968 -0.999097 -0.003500 -0.017100 0.999327 -0.032454 0.118900 0.000000 0.000000 0.000000 1.000000
0.999496 0.016156 0.027342 0.000000 0.027799 -0.028817 -0.999198 -0.003500 -0.015355 0.999454 -0.029252 0.118900 0.000000 0.000000 0.000000 1.000000
0.999559 0.013863 0.026262 0.000000 0.026592 -0.024188 -0.999354 -0.003500 -0.013219 0.999611 -0.024546 0.118900 0.000000 0.000000 0.000000 1.000000
0.999632 0.011722 0.024460 0.000000 0.024680 -0.018973 -0.999515 -0.003500 -0.011252 0.999751 -0.019255 0.118900 0.000000 0.000000 0.000000 1.000000
0.999678 0.009178 0.023647 0.000000 0.023790 -0.015777 -0.999592 -0.003500 -0.008801 0.999833 -0.015990 0.118900 0.000000 0.000000 0.000000 1.000000
0.999706 0.006947 0.023216 0.000000 0.023320 -0.015174 -0.999613 -0.003500 -0.006592 0.999861 -0.015332 0.118900 0.000000 0.000000 0.000000 1.000000
0.999732 0.005151 0.022578 0.000000 0.022659 -0.016238 -0.999611 -0.003500 -0.004782 0.999855 -0.016350 0.118900 0.000000 0.000000 0.000000 1.000000
0.999757 0.003513 0.021775 -0.000000 0.021837 -0.018723 -0.999586 -0.003500 -0.003104 0.999819 -0.018795 0.118900 0.000000 0.000000 0.000000 1.000000
0.999766 0.002099 0.021553 0.000000 0.021595 -0.022448 -0.999515 -0.003500 -0.001614 0.999746 -0.022488 0.118900 0.000000 0.000000 0.000000 1.000000
0.999748 0.002495 0.022300 0.000000 0.022357 -0.025621 -0.999422 -0.003500 -0.001922 0.999669 -0.025671 0.118900 0.000000 0.000000 0.000000 1.000000
0.999760 0.000572 0.021893 0.000000 0.021901 -0.027589 -0.999379 -0.003500 0.000032 0.999619 -0.027594 0.118900 0.000000 0.000000 0.000000 1.000000
0.999804 -0.004291 0.019310 -0.000000 0.019178 -0.028885 -0.999399 -0.003500 0.004846 0.999574 -0.028797 0.118900 0.000000 0.000000 0.000000 1.000000
0.999801 -0.006415 0.018887 0.000000 0.018704 -0.027433 -0.999449 -0.003500 0.006930 0.999603 -0.027307 0.118900 0.000000 0.000000 0.000000 1.000000
0.999799 -0.007882 0.018440 -0.000000 0.018254 -0.023023 -0.999568 -0.003500 0.008304 0.999704 -0.022875 0.118900 0.000000 0.000000 0.000000 1.000000
0.999809 -0.010517 0.016443 0.000000 0.016255 -0.017708 -0.999711 -0.003500 0.010805 0.999788 -0.017533 0.118900 0.000000 0.000000 0.000000 1.000000
0.999806 -0.012463 0.015264 0.000000 0.015112 -0.012159 -0.999812 -0.003500 0.012647 0.999848 -0.011968 0.118900 0.000000 0.000000 0.000000 1.000000
0.999775 -0.014708 0.015272 0.000000 0.015183 -0.006141 -0.999866 -0.003500 0.014800 0.999873 -0.005916 0.118900 0.000000 0.000000 0.000000 1.000000
0.999748 -0.015976 0.015740 0.000000 0.015735 -0.000451 -0.999876 -0.003500 0.015981 0.999872 -0.000200 0.118900 0.000000 0.000000 0.000000 1.000000
0.999735 -0.016093 0.016473 0.000000 0.016555 0.004967 -0.999851 -0.003500 0.016008 0.999858 0.005232 0.118900 0.000000 0.000000 0.000000 1.000000
0.999727 -0.015482 0.017527 0.000000 0.017698 0.010969 -0.999783 -0.003500 0.015286 0.999820 0.011240 0.118900 0.000000 0.000000 0.000000 1.000000
0.999709 -0.014271 0.019451 -0.000000 0.019693 0.016973 -0.999662 -0.003500 0.013936 0.999754 0.017249 0.118900 0.000000 0.000000 0.000000 1.000000
0.999679 -0.012743 0.021915 0.000000 0.022185 0.021488 -0.999523 -0.003500 0.012266 0.999688 0.021764 0.118900 0.000000 0.000000 0.000000 1.000000
0.999643 -0.010770 0.024460 0.000000 0.024706 0.023338 -0.999422 -0.003500 0.010193 0.999670 0.023595 0.118900 0.000000 0.000000 0.000000 1.000000
0.999614 -0.008505 0.026457 0.000000 0.026643 0.022539 -0.999391 -0.003500 0.007903 0.999710 0.022757 0.118900 0.000000 0.000000 0.000000 1.000000
0.999604 -0.006354 0.027413 0.000000 0.027538 0.020482 -0.999411 -0.003500 0.005789 0.999770 0.020649 0.118900 0.000000 0.000000 0.000000 1.000000
0.999598 -0.005102 0.027907 0.000000 0.027998 0.018681 -0.999433 -0.003500 0.004578 0.999812 0.018816 0.118900 0.000000 0.000000 0.000000 1.000000
0.999583 -0.004481 0.028514 0.000000 0.028588 0.017300 -0.999442 -0.003500 0.003985 0.999840 0.017421 0.118900 0.000000 0.000000 0.000000 1.000000
0.999544 -0.003448 0.030007 -0.000000 0.030058 0.015812 -0.999423 -0.003500 0.002971 0.999869 0.015908 0.118900 0.000000 0.000000 0.000000 1.000000
0.999499 -0.001649 0.031599 0.000000 0.031619 0.014154 -0.999400 -0.003500 0.001201 0.999898 0.014199 0.118900 0.000000 0.000000 0.000000 1.000000
0.999446 0.000108 0.033296 0.000000 0.033292 0.012504 -0.999367 -0.003500 -0.000525 0.999922 0.012493 0.118900 0.000000 0.000000 0.000000 1.000000
0.999344 0.000829 0.036202 0.000000 0.036190 0.011263 -0.999281 -0.003500 -0.001236 0.999936 0.011225 0.118900 0.000000 0.000000 0.000000 1.000000
0.999243 0.002248 0.038844 0.000000 0.038821 0.009753 -0.999199 -0.003500 -0.002625 0.999950 0.009658 0.118900 0.000000 0.000000 0.000000 1.000000
0.999141 0.003348 0.041304 0.000000 0.041275 0.008344 -0.999113 -0.003500 -0.003690 0.999960 0.008198 0.118900 0.000000 0.000000 0.000000 1.000000
0.999064 0.003636 0.043096 0.000000 0.043067 0.007474 -0.999044 -0.003500 -0.003954 0.999965 0.007310 0.118900 0.000000 0.000000 0.000000 1.000000
0.999050 0.004040 0.043396 0.000000 0.043367 0.006966 -0.999035 -0.003500 -0.004338 0.999968 0.006784 0.118900 0.000000 0.000000 0.000000 1.000000
0.999074 0.004390 0.042809 0.000000 0.042781 0.006276 -0.999065 -0.003500 -0.004654 0.999971 0.006082 0.118900 0.000000 0.000000 0.000000 1.000000
0.999079 0.004465 0.042666 0.000000 0.042640 0.005702 -0.999074 -0.003500 -0.004704 0.999974 0.005507 0.118900 0.000000 0.000000 0.000000 1.000000
0.999089 0.004270 0.042458 0.000000 0.042433 0.005703 -0.999083 -0.003500 -0.004508 0.999975 0.005517 0.118900 0.000000 0.000000 0.000000 1.000000
0.999120 0.003767 0.041779 0.000000 0.041757 0.005660 -0.999112 -0.003500 -0.004000 0.999977 0.005498 0.118900 0.000000 0.000000 0.000000 1.000000
0.999173 0.003692 0.040505 0.000000 0.040486 0.005063 -0.999167 -0.003500 -0.003894 0.999980 0.004909 0.118900 0.000000 0.000000 0.000000 1.000000
0.999224 0.003680 0.039218 0.000000 0.039200 0.004860 -0.999220 -0.003500 -0.003868 0.999981 0.004712 0.118900 0.000000 0.000000 0.000000 1.000000
0.999251 0.003178 0.038560 0.000000 0.038543 0.005131 -0.999244 -0.003500 -0.003373 0.999982 0.005005 0.118900 0.000000 0.000000 0.000000 1.000000
0.999283 0.002864 0.037745 0.000000 0.037731 0.004883 -0.999276 -0.003500 -0.003047 0.999984 0.004772 0.118900 0.000000 0.000000 0.000000 1.000000
0.999340 0.002500 0.036247 -0.000000 0.036235 0.004687 -0.999332 -0.003500 -0.002669 0.999986 0.004593 0.118900 0.000000 0.000000 0.000000 1.000000
